[gd_scene load_steps=9 format=3 uid="uid://cf4bi5jinhvnj"]

[ext_resource type="Script" path="res://addons/phantom_camera/scripts/phantom_camera_host/phantom_camera_host.gd" id="1_eyqge"]
[ext_resource type="Texture2D" uid="uid://btacm7xiepi28" path="res://addons/kenney_prototype_textures/dark/texture_01.png" id="2_ttwpb"]
[ext_resource type="PackedScene" uid="uid://vhhf66xl2xv4" path="res://scenes/F16.tscn" id="3_mjgjn"]
[ext_resource type="Script" path="res://addons/phantom_camera/scripts/phantom_camera/phantom_camera_3D.gd" id="4_2edk2"]
[ext_resource type="PackedScene" uid="uid://dljad5nwu5f4i" path="res://scenes/UI.tscn" id="5_yrk0o"]

[sub_resource type="StandardMaterial3D" id="StandardMaterial3D_a6ur3"]
albedo_color = Color(0, 0.752941, 0.976471, 1)
albedo_texture = ExtResource("2_ttwpb")
uv1_scale = Vector3(50, 50, 50)

[sub_resource type="PlaneMesh" id="PlaneMesh_koe0u"]
material = SubResource("StandardMaterial3D_a6ur3")
size = Vector2(10000, 10000)

[sub_resource type="BoxShape3D" id="BoxShape3D_f1s52"]
size = Vector3(10000, 5, 10000)

[node name="Game" type="Node3D"]

[node name="Camera3D" type="Camera3D" parent="."]
transform = Transform3D(1, 2.64162e-18, -1.9812e-17, -1.28624e-31, 0.991238, 0.132163, 1.99874e-17, -0.132165, 0.991225, 4.16298e-12, 12.8664, 15.9912)
fov = 73.4179

[node name="PhantomCameraHost" type="Node" parent="Camera3D"]
script = ExtResource("1_eyqge")

[node name="Ground" type="MeshInstance3D" parent="."]
mesh = SubResource("PlaneMesh_koe0u")

[node name="StaticBody3D" type="StaticBody3D" parent="Ground"]

[node name="CollisionShape3D" type="CollisionShape3D" parent="Ground/StaticBody3D"]
shape = SubResource("BoxShape3D_f1s52")

[node name="DirectionalLight3D" type="DirectionalLight3D" parent="."]
transform = Transform3D(1, 0, 0, 0, 0.0567102, 0.998391, 0, -0.998391, 0.0567102, 0, 0, 0)

[node name="F16" parent="." instance=ExtResource("3_mjgjn")]
transform = Transform3D(1, -3.48787e-16, 3.48787e-16, 3.48787e-16, 1, -3.48787e-16, -3.48787e-16, 3.48787e-16, 1, 2.08165e-12, 7.73427, 2.08165e-12)

[node name="PhantomCamera3D" type="Node3D" parent="F16"]
transform = Transform3D(1, 3.9447e-16, -3.19441e-16, -3.48787e-16, 0.991238, 0.132163, 3.68774e-16, -0.132165, 0.991225, 2.07754e-12, 5.13216, 15.9912)
script = ExtResource("4_2edk2")
priority_override = false
priority = 0
follow_mode = 6
follow_target = NodePath("..")
follow_parameters/spring_arm/spring_length = 1.0
follow_parameters/spring_arm/collision_mask = 1
follow_parameters/spring_arm/shape = null
follow_parameters/spring_arm/margin = 0.01
follow_parameters/target_offset = Vector3(2.08165e-12, 5, 15)
follow_parameters/damping = false
look_at_mode = 2
look_at_target = NodePath("..")
look_at_parameters/look_at_target_offset = Vector3(2.08165e-12, 3, 2.08165e-12)
tween_parameters = null
tween_on_load = true
inactive_update_mode = 0
camera_3D_resource = null

[node name="UI" parent="F16" instance=ExtResource("5_yrk0o")]
scale = Vector2(1, 1.00141)

[node name="Camera3D2" type="Camera3D" parent="F16"]
transform = Transform3D(1, -3.79186e-16, 3.4746e-16, 3.4746e-16, 0.996195, 0.0871557, -3.79186e-16, -0.0871557, 0.996195, 2.08165e-12, 4, 14.499)
current = true
